14
19
18 9 11 12 2 2 3 9 16 17 4 6 19 1 6 18 8 4 11 
13 15 15 11 4 14 3 4 12 11 19 13 11 14 12 7 19 7 1 
15 11 8 17 13 2 14 8 13 12 16 5 7 13 7 10 14 9 6 
13 8 1 16 6 20 4 2 6 6 17 14 6 18 18 7 10 14 14 
16 1 4 20 17 16 7 13 7 12 13 16 19 12 11 3 11 10 16 
9 5 9 8 12 20 19 15 12 16 2 14 11 1 12 13 11 4 14 
14 2 12 4 4 19 14 18 14 16 20 10 15 8 11 20 18 1 2 
10 15 6 6 14 18 8 9 5 1 14 3 9 2 1 2 6 2 9 
17 15 5 2 7 13 13 19 17 8 7 14 14 10 15 13 19 9 15 
2 11 15 8 12 8 7 19 7 16 14 8 15 19 9 17 8 15 11 
5 9 13 2 5 9 3 16 9 4 5 14 15 8 7 11 3 16 13 
7 7 3 15 2 10 3 1 6 18 5 13 13 18 13 5 17 11 7 
3 4 7 8 15 13 11 19 20 19 4 18 15 9 10 13 6 9 9 
9 11 11 9 9 17 6 4 17 12 15 15 8 12 10 7 11 10 11 
